[gd_scene load_steps=9 format=3 uid="uid://ccfupwhjmue48"]

[ext_resource type="PackedScene" uid="uid://df5m8b4703t4q" path="res://scenery/fauna/tainha200/tainha_with_boid_logic.tscn" id="1_8gqh6"]
[ext_resource type="Script" path="res://camera.gd" id="1_jg5au"]

[sub_resource type="Environment" id="Environment_drc68"]
background_mode = 1
background_color = Color(0.239216, 0.623529, 0.854902, 1)
ambient_light_color = Color(0.384314, 0.576471, 1, 1)

[sub_resource type="ImmediateMesh" id="ImmediateMesh_rgai8"]

[sub_resource type="BoxShape3D" id="BoxShape3D_hsx1y"]
size = Vector3(5.39603, 0.221252, 7.68805)

[sub_resource type="BoxShape3D" id="BoxShape3D_1eqxl"]
size = Vector3(0.468399, 2.97244, 7.68805)

[sub_resource type="BoxShape3D" id="BoxShape3D_xpwue"]
size = Vector3(5.36616, 2.97244, 1.66176)

[sub_resource type="BoxMesh" id="BoxMesh_4aeqp"]

[node name="Boidtestscene" type="Node3D"]

[node name="WorldEnvironment" type="WorldEnvironment" parent="."]

[node name="Camera3D" type="Camera3D" parent="."]
transform = Transform3D(1, 0, 0, 0, 0.176192, 0.984356, 0, -0.984356, 0.176192, -0.061541, 2.30448, 0.0992628)
environment = SubResource("Environment_drc68")
fov = 100.316
script = ExtResource("1_jg5au")

[node name="LineWriter" type="MeshInstance3D" parent="."]
transform = Transform3D(1, 0, 0, 0, 1, 0, 0, 0, 1, 2.08165e-12, 2.08165e-12, 2.08165e-12)
mesh = SubResource("ImmediateMesh_rgai8")

[node name="RigidBody3D" parent="." groups=["boid"] instance=ExtResource("1_8gqh6")]
transform = Transform3D(-0.385957, 0.922295, -0.0202141, 0.921033, 0.386486, 0.0482382, 0.0523023, 0, -0.998631, -0.690436, 1.19209e-07, -0.768083)
angular_damp = 15.0

[node name="RigidBody3D2" parent="." groups=["boid"] instance=ExtResource("1_8gqh6")]
transform = Transform3D(-0.946935, 0, -0.321424, 0, 1, 0, 0.321424, 0, -0.946935, -1.04029, 1.19209e-07, -0.649331)
angular_damp = 15.0

[node name="RigidBody3D3" parent="." groups=["boid"] instance=ExtResource("1_8gqh6")]
transform = Transform3D(-0.946935, 0, -0.321424, 0, 1, 0, 0.321424, 0, -0.946935, -0.892835, 1.19209e-07, -1.36436)
angular_damp = 15.0

[node name="RigidBody3D4" parent="." groups=["boid"] instance=ExtResource("1_8gqh6")]
transform = Transform3D(-0.946935, 0, -0.321424, 0, 1, 0, 0.321424, 0, -0.946935, -1.24269, 1.19209e-07, -1.24561)
angular_damp = 15.0

[node name="RigidBody3D5" parent="." groups=["boid"] instance=ExtResource("1_8gqh6")]
transform = Transform3D(-0.946935, 0, -0.321424, 0, 1, 0, 0.321424, 0, -0.946935, -0.0932541, 1.19209e-07, 0.0294414)
angular_damp = 15.0

[node name="RigidBody3D6" parent="." groups=["boid"] instance=ExtResource("1_8gqh6")]
transform = Transform3D(-0.946935, 0, -0.321424, 0, 1, 0, 0.321424, 0, -0.946935, -0.443105, 1.19209e-07, 0.148193)
angular_damp = 15.0

[node name="RigidBody3D7" parent="." groups=["boid"] instance=ExtResource("1_8gqh6")]
transform = Transform3D(-0.385957, 0.922295, -0.0202141, 0.921033, 0.386486, 0.0482382, 0.0523023, 0, -0.998631, -1.00112, 1.19209e-07, 0.994922)
angular_damp = 15.0

[node name="RigidBody3D8" parent="." groups=["boid"] instance=ExtResource("1_8gqh6")]
transform = Transform3D(-0.946935, 0, -0.321424, 0, 1, 0, 0.321424, 0, -0.946935, -1.35097, 1.19209e-07, 1.11367)
angular_damp = 15.0

[node name="RigidBody3D9" parent="." groups=["boid"] instance=ExtResource("1_8gqh6")]
transform = Transform3D(-0.946935, 0, -0.321424, 0, 1, 0, 0.321424, 0, -0.946935, -1.20352, 1.19209e-07, 0.398645)
angular_damp = 15.0

[node name="RigidBody3D10" parent="." groups=["boid"] instance=ExtResource("1_8gqh6")]
transform = Transform3D(-0.946935, 0, -0.321424, 0, 1, 0, 0.321424, 0, -0.946935, -1.55337, 1.19209e-07, 0.517395)
angular_damp = 15.0

[node name="RigidBody3D11" parent="." groups=["boid"] instance=ExtResource("1_8gqh6")]
transform = Transform3D(-0.946935, 0, -0.321424, 0, 1, 0, 0.321424, 0, -0.946935, -0.403937, 1.19209e-07, 1.79245)
angular_damp = 15.0

[node name="RigidBody3D12" parent="." groups=["boid"] instance=ExtResource("1_8gqh6")]
transform = Transform3D(-0.946935, 0, -0.321424, 0, 1, 0, 0.321424, 0, -0.946935, -0.753788, 1.19209e-07, 1.9112)
angular_damp = 15.0

[node name="RigidBody3D13" parent="." groups=["boid"] instance=ExtResource("1_8gqh6")]
transform = Transform3D(-0.385957, 0.922295, -0.0202141, 0.921033, 0.386486, 0.0482382, 0.0523023, 0, -0.998631, 0.664407, 1.19209e-07, -0.768083)
angular_damp = 15.0

[node name="RigidBody3D14" parent="." groups=["boid"] instance=ExtResource("1_8gqh6")]
transform = Transform3D(-0.946935, 0, -0.321424, 0, 1, 0, 0.321424, 0, -0.946935, 0.314553, 1.19209e-07, -0.649331)
angular_damp = 15.0

[node name="RigidBody3D15" parent="." groups=["boid"] instance=ExtResource("1_8gqh6")]
transform = Transform3D(-0.946935, 0, -0.321424, 0, 1, 0, 0.321424, 0, -0.946935, 0.462008, 1.19209e-07, -1.36436)
angular_damp = 15.0

[node name="RigidBody3D16" parent="." groups=["boid"] instance=ExtResource("1_8gqh6")]
transform = Transform3D(-0.946935, 0, -0.321424, 0, 1, 0, 0.321424, 0, -0.946935, 0.112153, 1.19209e-07, -1.24561)
angular_damp = 15.0

[node name="RigidBody3D17" parent="." groups=["boid"] instance=ExtResource("1_8gqh6")]
transform = Transform3D(-0.946935, 0, -0.321424, 0, 1, 0, 0.321424, 0, -0.946935, 1.26159, 1.19209e-07, 0.0294414)
angular_damp = 15.0

[node name="RigidBody3D18" parent="." groups=["boid"] instance=ExtResource("1_8gqh6")]
transform = Transform3D(-0.946935, 0, -0.321424, 0, 1, 0, 0.321424, 0, -0.946935, 0.911738, 1.19209e-07, 0.148193)
angular_damp = 15.0

[node name="RigidBody3D19" parent="." groups=["boid"] instance=ExtResource("1_8gqh6")]
transform = Transform3D(-0.385957, 0.922295, -0.0202141, 0.921033, 0.386486, 0.0482382, 0.0523023, 0, -0.998631, 0.353723, 1.19209e-07, 0.994922)
angular_damp = 15.0

[node name="RigidBody3D20" parent="." groups=["boid"] instance=ExtResource("1_8gqh6")]
transform = Transform3D(-0.946935, 0, -0.321424, 0, 1, 0, 0.321424, 0, -0.946935, 0.0038693, 1.19209e-07, 1.11367)
angular_damp = 15.0

[node name="RigidBody3D21" parent="." groups=["boid"] instance=ExtResource("1_8gqh6")]
transform = Transform3D(-0.946935, 0, -0.321424, 0, 1, 0, 0.321424, 0, -0.946935, 0.151324, 1.19209e-07, 0.398645)
angular_damp = 15.0

[node name="RigidBody3D22" parent="." groups=["boid"] instance=ExtResource("1_8gqh6")]
transform = Transform3D(-0.946935, 0, -0.321424, 0, 1, 0, 0.321424, 0, -0.946935, -0.198531, 1.19209e-07, 0.517395)
angular_damp = 15.0

[node name="RigidBody3D23" parent="." groups=["boid"] instance=ExtResource("1_8gqh6")]
transform = Transform3D(-0.946935, 0, -0.321424, 0, 1, 0, 0.321424, 0, -0.946935, 0.950905, 1.19209e-07, 1.79245)
angular_damp = 15.0

[node name="RigidBody3D24" parent="." groups=["boid"] instance=ExtResource("1_8gqh6")]
transform = Transform3D(-0.946935, 0, -0.321424, 0, 1, 0, 0.321424, 0, -0.946935, 0.601054, 1.19209e-07, 1.9112)
angular_damp = 15.0

[node name="RigidBody3D25" parent="." groups=["boid"] instance=ExtResource("1_8gqh6")]
transform = Transform3D(-0.385957, 0.922295, -0.0202141, 0.921033, 0.386486, 0.0482382, 0.0523023, 0, -0.998631, -0.690436, 1.19209e-07, -0.260903)
angular_damp = 15.0

[node name="RigidBody3D26" parent="." groups=["boid"] instance=ExtResource("1_8gqh6")]
transform = Transform3D(-0.946935, 0, -0.321424, 0, 1, 0, 0.321424, 0, -0.946935, -1.04029, 1.19209e-07, -0.142151)
angular_damp = 15.0

[node name="RigidBody3D27" parent="." groups=["boid"] instance=ExtResource("1_8gqh6")]
transform = Transform3D(-0.946935, 0, -0.321424, 0, 1, 0, 0.321424, 0, -0.946935, -0.892835, 1.19209e-07, -0.85718)
angular_damp = 15.0

[node name="RigidBody3D28" parent="." groups=["boid"] instance=ExtResource("1_8gqh6")]
transform = Transform3D(-0.946935, 0, -0.321424, 0, 1, 0, 0.321424, 0, -0.946935, -1.24269, 1.19209e-07, -0.73843)
angular_damp = 15.0

[node name="RigidBody3D29" parent="." groups=["boid"] instance=ExtResource("1_8gqh6")]
transform = Transform3D(-0.946935, 0, -0.321424, 0, 1, 0, 0.321424, 0, -0.946935, -0.0932541, 1.19209e-07, 0.536621)
angular_damp = 15.0

[node name="RigidBody3D30" parent="." groups=["boid"] instance=ExtResource("1_8gqh6")]
transform = Transform3D(-0.946935, 0, -0.321424, 0, 1, 0, 0.321424, 0, -0.946935, -0.443105, 1.19209e-07, 0.655373)
angular_damp = 15.0

[node name="RigidBody3D31" parent="." groups=["boid"] instance=ExtResource("1_8gqh6")]
transform = Transform3D(-0.385957, 0.922295, -0.0202141, 0.921033, 0.386486, 0.0482382, 0.0523023, 0, -0.998631, -1.00112, 1.19209e-07, 1.5021)
angular_damp = 15.0

[node name="RigidBody3D32" parent="." groups=["boid"] instance=ExtResource("1_8gqh6")]
transform = Transform3D(-0.946935, 0, -0.321424, 0, 1, 0, 0.321424, 0, -0.946935, -1.35097, 1.19209e-07, 1.62085)
angular_damp = 15.0

[node name="RigidBody3D33" parent="." groups=["boid"] instance=ExtResource("1_8gqh6")]
transform = Transform3D(-0.946935, 0, -0.321424, 0, 1, 0, 0.321424, 0, -0.946935, -1.20352, 1.19209e-07, 0.905825)
angular_damp = 15.0

[node name="RigidBody3D34" parent="." groups=["boid"] instance=ExtResource("1_8gqh6")]
transform = Transform3D(-0.946935, 0, -0.321424, 0, 1, 0, 0.321424, 0, -0.946935, -1.55337, 1.19209e-07, 1.02457)
angular_damp = 15.0

[node name="RigidBody3D35" parent="." groups=["boid"] instance=ExtResource("1_8gqh6")]
transform = Transform3D(-0.946935, 0, -0.321424, 0, 1, 0, 0.321424, 0, -0.946935, -0.403937, 1.19209e-07, 2.29963)
angular_damp = 15.0

[node name="RigidBody3D36" parent="." groups=["boid"] instance=ExtResource("1_8gqh6")]
transform = Transform3D(-0.946935, 0, -0.321424, 0, 1, 0, 0.321424, 0, -0.946935, -0.753788, 1.19209e-07, 2.41838)
angular_damp = 15.0

[node name="RigidBody3D37" parent="." groups=["boid"] instance=ExtResource("1_8gqh6")]
transform = Transform3D(-0.385957, 0.922295, -0.0202141, 0.921033, 0.386486, 0.0482382, 0.0523023, 0, -0.998631, 0.664407, 1.19209e-07, -0.260903)
angular_damp = 15.0

[node name="RigidBody3D38" parent="." groups=["boid"] instance=ExtResource("1_8gqh6")]
transform = Transform3D(-0.946935, 0, -0.321424, 0, 1, 0, 0.321424, 0, -0.946935, 0.314553, 1.19209e-07, -0.142151)
angular_damp = 15.0

[node name="RigidBody3D39" parent="." groups=["boid"] instance=ExtResource("1_8gqh6")]
transform = Transform3D(-0.946935, 0, -0.321424, 0, 1, 0, 0.321424, 0, -0.946935, 0.462008, 1.19209e-07, -0.85718)
angular_damp = 15.0

[node name="RigidBody3D40" parent="." groups=["boid"] instance=ExtResource("1_8gqh6")]
transform = Transform3D(-0.946935, 0, -0.321424, 0, 1, 0, 0.321424, 0, -0.946935, 0.112153, 1.19209e-07, -0.73843)
angular_damp = 15.0

[node name="RigidBody3D41" parent="." groups=["boid"] instance=ExtResource("1_8gqh6")]
transform = Transform3D(-0.946935, 0, -0.321424, 0, 1, 0, 0.321424, 0, -0.946935, 1.26159, 1.19209e-07, 0.536621)
angular_damp = 15.0

[node name="RigidBody3D42" parent="." groups=["boid"] instance=ExtResource("1_8gqh6")]
transform = Transform3D(-0.946935, 0, -0.321424, 0, 1, 0, 0.321424, 0, -0.946935, 0.911738, 1.19209e-07, 0.655373)
angular_damp = 15.0

[node name="RigidBody3D43" parent="." groups=["boid"] instance=ExtResource("1_8gqh6")]
transform = Transform3D(-0.385957, 0.922295, -0.0202141, 0.921033, 0.386486, 0.0482382, 0.0523023, 0, -0.998631, 0.353723, 1.19209e-07, 1.5021)
angular_damp = 15.0

[node name="RigidBody3D44" parent="." groups=["boid"] instance=ExtResource("1_8gqh6")]
transform = Transform3D(-0.946935, 0, -0.321424, 0, 1, 0, 0.321424, 0, -0.946935, 0.0038693, 1.19209e-07, 1.62085)
angular_damp = 15.0

[node name="RigidBody3D45" parent="." groups=["boid"] instance=ExtResource("1_8gqh6")]
transform = Transform3D(-0.946935, 0, -0.321424, 0, 1, 0, 0.321424, 0, -0.946935, 0.151324, 1.19209e-07, 0.905825)
angular_damp = 15.0

[node name="RigidBody3D46" parent="." groups=["boid"] instance=ExtResource("1_8gqh6")]
transform = Transform3D(-0.946935, 0, -0.321424, 0, 1, 0, 0.321424, 0, -0.946935, -0.198531, 1.19209e-07, 1.02457)
angular_damp = 15.0

[node name="RigidBody3D47" parent="." groups=["boid"] instance=ExtResource("1_8gqh6")]
transform = Transform3D(-0.946935, 0, -0.321424, 0, 1, 0, 0.321424, 0, -0.946935, 0.950905, 1.19209e-07, 2.29963)
angular_damp = 15.0

[node name="RigidBody3D48" parent="." groups=["boid"] instance=ExtResource("1_8gqh6")]
transform = Transform3D(-0.946935, 0, -0.321424, 0, 1, 0, 0.321424, 0, -0.946935, 0.601054, 1.19209e-07, 2.41838)
angular_damp = 15.0

[node name="StaticBody3D" type="StaticBody3D" parent="."]
transform = Transform3D(1, 0, 0, 0, 1, 0, 0, 0, 1, 0, -0.132113, 0)

[node name="CollisionShape3D" type="CollisionShape3D" parent="StaticBody3D"]
transform = Transform3D(1, 0, 0, 0, 1, 0, 0, 0, 1, -0.593812, -1.82468, -0.180655)
shape = SubResource("BoxShape3D_hsx1y")

[node name="CollisionShape3D2" type="CollisionShape3D" parent="StaticBody3D"]
transform = Transform3D(1, 0, 0, 0, 1, 0, 0, 0, 1, -0.593812, 1.03276, -0.180655)
shape = SubResource("BoxShape3D_hsx1y")

[node name="CollisionShape3D3" type="CollisionShape3D" parent="StaticBody3D"]
transform = Transform3D(1, 0, 0, 0, 1, 0, 0, 0, 1, 1.87, -0.342836, -0.180655)
shape = SubResource("BoxShape3D_1eqxl")

[node name="CollisionShape3D4" type="CollisionShape3D" parent="StaticBody3D"]
transform = Transform3D(0.99837, 0, 0, 0, 0.99837, 0, 0, 0, 0.99837, -3.13523, -0.342836, -0.180655)
shape = SubResource("BoxShape3D_1eqxl")

[node name="CollisionShape3D5" type="CollisionShape3D" parent="StaticBody3D"]
transform = Transform3D(1, 0, 0, 0, 1, 0, 0, 0, 1, -0.68635, -0.342836, 2.83249)
shape = SubResource("BoxShape3D_xpwue")

[node name="CollisionShape3D6" type="CollisionShape3D" parent="StaticBody3D"]
transform = Transform3D(1, 0, 0, 0, 1, 0, 0, 0, 1, -0.68635, -0.342836, -3.4286)
shape = SubResource("BoxShape3D_xpwue")

[node name="MeshInstance3D" type="MeshInstance3D" parent="StaticBody3D"]
transform = Transform3D(1, 0, 0, 0, 7.13119, 0, 0, 0, 10.0877, -3.44105, -2.57015, 4.76837e-07)
mesh = SubResource("BoxMesh_4aeqp")

[node name="MeshInstance3D2" type="MeshInstance3D" parent="StaticBody3D"]
transform = Transform3D(1, 0, 0, 0, 7.13119, 0, 0, 0, 10.0877, 2.10957, -2.57015, 4.76837e-07)
mesh = SubResource("BoxMesh_4aeqp")

[node name="MeshInstance3D3" type="MeshInstance3D" parent="StaticBody3D"]
transform = Transform3D(-4.37114e-08, 0, -10.0877, 0, 7.13119, 0, 1, 0, -4.40949e-07, 0.0645383, -2.57015, 4.21365)
mesh = SubResource("BoxMesh_4aeqp")

[node name="MeshInstance3D5" type="MeshInstance3D" parent="StaticBody3D"]
transform = Transform3D(-4.37114e-08, 0, -10.0877, 0, 7.13119, 0, 1, 0, -4.40949e-07, 0.0645387, -2.57015, -4.4537)
mesh = SubResource("BoxMesh_4aeqp")

[node name="MeshInstance3D4" type="MeshInstance3D" parent="StaticBody3D"]
transform = Transform3D(0, -3.11714e-07, -10.0877, -1, -3.11714e-07, 0, -4.37114e-08, 7.13119, -4.40949e-07, 0.0645385, -2.22751, -0.426355)
mesh = SubResource("BoxMesh_4aeqp")

[node name="DirectionalLight3D" type="DirectionalLight3D" parent="."]
transform = Transform3D(1, 0, 0, 0, -0.512537, 0.858665, 0, -0.858665, -0.512537, 0.590592, 5.28186, -0.569397)
shadow_enabled = true
