[gd_scene load_steps=2 format=3 uid="uid://dp8qy3ckiq3c"]

[ext_resource type="PackedScene" uid="uid://df5m8b4703t4q" path="res://scenery/fauna/tainha200/tainha_with_boid_logic.tscn" id="1_yhj6l"]

[node name="fish_school" type="Node3D"]

[node name="RigidBody3D7" parent="." groups=["boid"] instance=ExtResource("1_yhj6l")]
transform = Transform3D(-0.385957, 0.922295, -0.0202141, 0.921033, 0.386486, 0.0482382, 0.0523023, 0, -0.998631, -1.00112, 1.19209e-07, 0.994922)
angular_damp = 15.0

[node name="RigidBody3D8" parent="." groups=["boid"] instance=ExtResource("1_yhj6l")]
transform = Transform3D(-0.946935, 0, -0.321424, 0, 1, 0, 0.321424, 0, -0.946935, -1.35097, 1.19209e-07, 1.11367)
angular_damp = 15.0

[node name="RigidBody3D9" parent="." groups=["boid"] instance=ExtResource("1_yhj6l")]
transform = Transform3D(-0.946935, 0, -0.321424, 0, 1, 0, 0.321424, 0, -0.946935, -1.20352, 1.19209e-07, 0.398645)
angular_damp = 15.0

[node name="RigidBody3D10" parent="." groups=["boid"] instance=ExtResource("1_yhj6l")]
transform = Transform3D(-0.946935, 0, -0.321424, 0, 1, 0, 0.321424, 0, -0.946935, -1.55337, 1.19209e-07, 0.517395)
angular_damp = 15.0

[node name="RigidBody3D11" parent="." groups=["boid"] instance=ExtResource("1_yhj6l")]
transform = Transform3D(-0.946935, 0, -0.321424, 0, 1, 0, 0.321424, 0, -0.946935, -0.403937, 1.19209e-07, 1.79245)
angular_damp = 15.0

[node name="RigidBody3D12" parent="." groups=["boid"] instance=ExtResource("1_yhj6l")]
transform = Transform3D(-0.946935, 0, -0.321424, 0, 1, 0, 0.321424, 0, -0.946935, -0.753788, 1.19209e-07, 1.9112)
angular_damp = 15.0

[node name="RigidBody3D19" parent="." groups=["boid"] instance=ExtResource("1_yhj6l")]
transform = Transform3D(-0.385957, 0.922295, -0.0202141, 0.921033, 0.386486, 0.0482382, 0.0523023, 0, -0.998631, 0.353723, 1.19209e-07, 0.994922)
angular_damp = 15.0

[node name="RigidBody3D20" parent="." groups=["boid"] instance=ExtResource("1_yhj6l")]
transform = Transform3D(-0.946935, 0, -0.321424, 0, 1, 0, 0.321424, 0, -0.946935, 0.0038693, 1.19209e-07, 1.11367)
angular_damp = 15.0

[node name="RigidBody3D22" parent="." groups=["boid"] instance=ExtResource("1_yhj6l")]
transform = Transform3D(-0.946935, 0, -0.321424, 0, 1, 0, 0.321424, 0, -0.946935, -0.198531, 1.19209e-07, 0.517395)
angular_damp = 15.0

[node name="RigidBody3D23" parent="." groups=["boid"] instance=ExtResource("1_yhj6l")]
transform = Transform3D(-0.946935, 0, -0.321424, 0, 1, 0, 0.321424, 0, -0.946935, 0.950905, 1.19209e-07, 1.79245)
angular_damp = 15.0

[node name="RigidBody3D24" parent="." groups=["boid"] instance=ExtResource("1_yhj6l")]
transform = Transform3D(-0.946935, 0, -0.321424, 0, 1, 0, 0.321424, 0, -0.946935, 0.601054, 1.19209e-07, 1.9112)
angular_damp = 15.0

[node name="RigidBody3D29" parent="." groups=["boid"] instance=ExtResource("1_yhj6l")]
transform = Transform3D(-0.946935, 0, -0.321424, 0, 1, 0, 0.321424, 0, -0.946935, -0.0932541, 1.19209e-07, 0.536621)
angular_damp = 15.0

[node name="RigidBody3D30" parent="." groups=["boid"] instance=ExtResource("1_yhj6l")]
transform = Transform3D(-0.946935, 0, -0.321424, 0, 1, 0, 0.321424, 0, -0.946935, -0.443105, 1.19209e-07, 0.655373)
angular_damp = 15.0

[node name="RigidBody3D31" parent="." groups=["boid"] instance=ExtResource("1_yhj6l")]
transform = Transform3D(-0.385957, 0.922295, -0.0202141, 0.921033, 0.386486, 0.0482382, 0.0523023, 0, -0.998631, -1.00112, 1.19209e-07, 1.5021)
angular_damp = 15.0

[node name="RigidBody3D32" parent="." groups=["boid"] instance=ExtResource("1_yhj6l")]
transform = Transform3D(-0.946935, 0, -0.321424, 0, 1, 0, 0.321424, 0, -0.946935, -1.35097, 1.19209e-07, 1.62085)
angular_damp = 15.0

[node name="RigidBody3D33" parent="." groups=["boid"] instance=ExtResource("1_yhj6l")]
transform = Transform3D(-0.946935, 0, -0.321424, 0, 1, 0, 0.321424, 0, -0.946935, -1.20352, 1.19209e-07, 0.905825)
angular_damp = 15.0

[node name="RigidBody3D34" parent="." groups=["boid"] instance=ExtResource("1_yhj6l")]
transform = Transform3D(-0.946935, 0, -0.321424, 0, 1, 0, 0.321424, 0, -0.946935, -1.55337, 1.19209e-07, 1.02457)
angular_damp = 15.0

[node name="RigidBody3D35" parent="." groups=["boid"] instance=ExtResource("1_yhj6l")]
transform = Transform3D(-0.946935, 0, -0.321424, 0, 1, 0, 0.321424, 0, -0.946935, -0.403937, 1.19209e-07, 2.29963)
angular_damp = 15.0

[node name="RigidBody3D36" parent="." groups=["boid"] instance=ExtResource("1_yhj6l")]
transform = Transform3D(-0.946935, 0, -0.321424, 0, 1, 0, 0.321424, 0, -0.946935, -0.753788, 1.19209e-07, 2.41838)
angular_damp = 15.0

[node name="RigidBody3D43" parent="." groups=["boid"] instance=ExtResource("1_yhj6l")]
transform = Transform3D(-0.385957, 0.922295, -0.0202141, 0.921033, 0.386486, 0.0482382, 0.0523023, 0, -0.998631, 0.353723, 1.19209e-07, 1.5021)
angular_damp = 15.0

[node name="RigidBody3D44" parent="." groups=["boid"] instance=ExtResource("1_yhj6l")]
transform = Transform3D(-0.946935, 0, -0.321424, 0, 1, 0, 0.321424, 0, -0.946935, 0.0038693, 1.19209e-07, 1.62085)
angular_damp = 15.0

[node name="RigidBody3D45" parent="." groups=["boid"] instance=ExtResource("1_yhj6l")]
transform = Transform3D(-0.946935, 0, -0.321424, 0, 1, 0, 0.321424, 0, -0.946935, 0.151324, 1.19209e-07, 0.905825)
angular_damp = 15.0

[node name="RigidBody3D46" parent="." groups=["boid"] instance=ExtResource("1_yhj6l")]
transform = Transform3D(-0.946935, 0, -0.321424, 0, 1, 0, 0.321424, 0, -0.946935, -0.198531, 1.19209e-07, 1.02457)
angular_damp = 15.0

[node name="RigidBody3D47" parent="." groups=["boid"] instance=ExtResource("1_yhj6l")]
transform = Transform3D(-0.946935, 0, -0.321424, 0, 1, 0, 0.321424, 0, -0.946935, 0.950905, 1.19209e-07, 2.29963)
angular_damp = 15.0

[node name="RigidBody3D48" parent="." groups=["boid"] instance=ExtResource("1_yhj6l")]
transform = Transform3D(-0.946935, 0, -0.321424, 0, 1, 0, 0.321424, 0, -0.946935, 0.601054, 1.19209e-07, 2.41838)
angular_damp = 15.0
